4294967278,9
4294967278,8
4294967278,7
4294967278,16
4294967278,15
4294967278,14
4294967278,13
4294967278,12
4294967278,11
4294967278,10
4294967278,297
4294967278,34
4294967278,33
4294967278,32
4294967278,31
4294967278,30
4294967278,29
4294967278,28
4294967278,27
4294967278,26
4294967278,25
4294967278,24
4294967278,23
4294967278,22
4294967278,21
4294967278,20
4294967278,19
4294967278,18
4294967278,17
4294967294,10
4294967294,200
4294967294,199
4294967294,198
4294967294,197
4294967294,196
4294967294,195
4294967294,194
4294967294,193
4294967294,192
4294967294,1047
4294967294,1046
4294967294,1045
4294967294,1044
4294967294,1043
4294967294,1041
4294967294,1040
4294967294,1039
4294967294,1038
4294967294,1037
4294967294,1035
4294967294,1033
4294967294,1031
4294967294,1030
4294967294,1029
4294967294,421
4294967294,401
4294967294,190
4294967294,182
4294967294,176
4294967294,173
4294967294,170
4294967294,163
4294967294,162
4294967294,161
4294967279,296
4294967278,35
4294967278,296
4294967279,295
4294967278,295
4294967279,294
4294967278,294
4294967278,36
4294967279,23
4294967279,21
4294967279,20
4294967279,19
4294967279,18
4294967279,17
4294967279,16
4294967279,15
4294967279,14
4294967279,13
4294967279,12
4294967279,10
4294967279,293
4294967278,293
4294967279,292
4294967294,75
4294967294,97
4294967294,5
4294967294,22
4294967294,1032
4294967294,1080
4294967294,9
4294967294,439
4294967294,393
4294967294,45
4294967294,44
4294967294,107
4294967294,42
4294967294,43
4294967294,424
4294967294,17
4294967294,99
4294967294,76
4294967294,36
4294967294,41
4294967294,39
4294967294,428
4294967294,53
4294967294,51
4294967294,187
4294967294,1
4294967294,470
4294967294,2
4294967294,0
4294967294,468
4294967294,1051
4294967294,82
4294967294,91
4294967294,90
4294967294,87
4294967294,86
4294967294,85
4294967294,84
4294967294,414
4294967294,29
4294967294,28
4294967294,1082
4294967279,291
2,3
4294967278,292
4294967294,7
4294967279,290
4294967294,6
4294967278,291
4294967294,1027
4294967294,104
4294967294,106
4294967294,166
4294967294,24
4294967294,189
4294967294,184
4294967294,384
4294967294,26
4294967294,185
4294967279,289
4294967278,290
4294967278,260
4294967278,0
4294967279,288
4294967279,260
4294967279,0
4294967294,18
4294967294,127
4294967294,14
4294967294,126
4294967294,20
4294967294,13
4294967294,416
2,4
4294967294,30
4294967294,1072
4294967294,1071
4294967294,1069
4294967294,1068
4294967294,1024
4294967294,158
4294967294,157
4294967294,156
4294967294,50
4294967294,52
4294967294,469
4294967294,25
4294967294,1050
4294967294,27
4294967294,93
4294967294,95
4294967294,425
4294967294,203
4294967294,81
4294967278,132
4294967278,131
4294967278,130
4294967278,129
4294967278,128
4294967278,127
4294967278,126
4294967278,125
4294967278,124
4294967278,123
4294967278,122
4294967278,121
4294967278,120
4294967278,119
4294967278,118
4294967278,117
4294967278,116
4294967278,115
4294967278,114
4294967278,113
4294967278,112
4294967278,111
4294967278,110
4294967278,109
4294967278,108
4294967278,107
4294967278,106
4294967278,105
4294967278,104
4294967278,103
4294967278,102
4294967278,101
4294967278,100
4294967278,99
4294967278,98
4294967278,97
4294967278,96
4294967278,95
4294967278,94
4294967278,93
4294967278,92
4294967278,91
4294967278,90
4294967278,89
4294967278,87
4294967278,86
4294967278,85
4294967278,84
4294967278,83
4294967278,82
4294967278,81
4294967278,80
4294967278,79
4294967278,78
4294967278,77
4294967278,76
4294967278,75
4294967278,74
4294967278,73
4294967278,72
4294967278,71
4294967278,70
4294967278,69
4294967278,68
4294967278,67
4294967278,66
4294967278,65
4294967278,64
4294967278,63
4294967278,62
4294967278,61
4294967278,60
4294967278,59
4294967278,58
4294967278,57
4294967278,56
4294967278,55
4294967278,54
4294967278,53
4294967278,52
4294967278,51
4294967278,50
4294967278,49
4294967278,48
4294967278,47
4294967278,46
